2973570903390095517
2963958480957963797
2935760893610963976
2935759804434214020
2935757828472325168
2935756193935157831
2933590350568627619
2933589582289727402
2931514107241183526
2931477624052639437
2931471461345024716
2931466221350595833
2931460697368544602
2931458396171958707
2908268160139038549
2908266411877578440
2907108048946944910
2907105504170539296
2907101309556208310
2907099109299698692
2907095488440866552
2906952855034808191
2906694825521344054
2906178110613970037
2906177010221585354
2906169901304197207
2906162389599151770
2906149699086525966
2906141553169409904
2992288202708158684
2991966217005066157
2984496216008678636
2982217081513095343
2988288517596808851
2982600473396713718
2981217972875189929
2976123147586456898
2974708499427229125
2973756956629221963
2965145960977283635
2964467806990424588
2957922689113607228
2957276176234766031
2949806939145483127
2947063838726558702
2943128189686009281
2939812789959741647
2939110147084100388
2937500168425924911
2934627867011809558
2933197262176931333
2930907949867482697
2927347230262215099
2925993521851604065
2924510855812973716
2920886660666244174
2918761646887073174
2915755706147193293
2913691231522267325
2911428264578405576
2908628893184434442
2904873744288872556
2902840460909556589
2900625052496852029
2899933622020383890
2896150992218128370
2894886251783019147
2883255035632805620
2878829363605884757
2876683791181766053
2873700950697311011
2871635138615029880
2864355721720600633
2856425541772263696
2789138431291311960
2252782784840051201
2091059474856879916
2087355878076265112
2087355053870294430
2085283601059860760
2083922782698925782
2083820357526779877
2083762769036707364
2525838145868312938
2525836930879195834
2525277586953420913
2525066626447866636
2525065852632418937
2525065297876957171
2525064855545572716
3004691486047757186
3004662149209483465
3004127023128099486
3002609435885616804
3000189070978790154
3000172984254147174
3000308348830744160
2999543180321621680
2998683957185380767
2984496216008678636
2994404944627584819
2995574831551304453
2996788068586274462
2998238496926446680
3004691486047757186
3007649818542915297
